name: FS25_STAT
channels:
  - conda-forge
  - defaults
dependencies:
  - asttokens=3.0.0=pyhd8ed1ab_1
  - ca-certificates=2025.1.31=h56e8100_0
  - colorama=0.4.6=pyhd8ed1ab_1
  - comm=0.2.2=pyhd8ed1ab_1
  - cpython=3.9.21=py39hd8ed1ab_1
  - debugpy=1.8.12=py39ha51f57c_0
  - decorator=5.1.1=pyhd8ed1ab_1
  - exceptiongroup=1.2.2=pyhd8ed1ab_1
  - executing=2.1.0=pyhd8ed1ab_1
  - importlib-metadata=8.6.1=pyha770c72_0
  - ipykernel=6.29.5=pyh4bbf305_0
  - ipython=8.18.1=pyh7428d3b_3
  - jedi=0.19.2=pyhd8ed1ab_1
  - jupyter_client=8.6.3=pyhd8ed1ab_1
  - jupyter_core=5.7.2=pyh5737063_1
  - krb5=1.21.3=hdf4eb48_0
  - libsodium=1.0.20=hc70643c_0
  - matplotlib-inline=0.1.7=pyhd8ed1ab_1
  - nest-asyncio=1.6.0=pyhd8ed1ab_1
  - openssl=3.4.1=ha4e3fda_0
  - packaging=24.2=pyhd8ed1ab_2
  - parso=0.8.4=pyhd8ed1ab_1
  - pickleshare=0.7.5=pyhd8ed1ab_1004
  - pip=25.0=py39haa95532_0
  - platformdirs=4.3.6=pyhd8ed1ab_1
  - prompt-toolkit=3.0.50=pyha770c72_0
  - psutil=6.1.1=py39ha55e580_0
  - pure_eval=0.2.3=pyhd8ed1ab_1
  - pygments=2.19.1=pyhd8ed1ab_0
  - python=3.9.21=h8205438_1
  - python-dateutil=2.9.0.post0=pyhff2d567_1
  - python_abi=3.9=2_cp39
  - pywin32=307=py39ha51f57c_3
  - pyzmq=26.2.1=py39h03e5c00_0
  - setuptools=75.8.0=py39haa95532_0
  - six=1.17.0=pyhd8ed1ab_0
  - sqlite=3.45.3=h2bbff1b_0
  - stack_data=0.6.3=pyhd8ed1ab_1
  - tornado=6.4.2=py39ha55e580_0
  - traitlets=5.14.3=pyhd8ed1ab_1
  - typing_extensions=4.12.2=pyha770c72_1
  - tzdata=2025a=h04d1e81_0
  - ucrt=10.0.22621.0=h57928b3_1
  - vc=14.42=haa95532_4
  - vc14_runtime=14.42.34433=h6356254_24
  - vs2015_runtime=14.42.34433=hfef2bbc_24
  - wcwidth=0.2.13=pyhd8ed1ab_1
  - wheel=0.45.1=py39haa95532_0
  - zeromq=4.3.5=ha9f60a1_7
  - zipp=3.21.0=pyhd8ed1ab_1
  - pip:
      - certifi==2025.1.31
      - cycler==0.12.1
      - joblib==1.4.2
      - kiwisolver==1.4.7
      - matplotlib==3.3.1
      - numpy==1.20.3
      - pandas==1.1.3
      - patsy==1.0.1
      - pillow==11.1.0
      - pyparsing==3.2.1
      - pytz==2025.1
      - scikit-learn==0.24.1
      - scipy==1.6.3
      - seaborn==0.11.0
      - statsmodels==0.12.1
      - threadpoolctl==3.5.0